   5  3  
 7  32  5
 3 76   9
   4 7  8
       3 
25    9 7
72 3 95  
89 2     
  5     6
---------
53 7  9 4
   4    3
 4 3    7
9   45   
18       
    98561
4 6     2
  89  74 
    2  96
---------
92  1 3  
85  9  2 
  3      
     2   
3    16  
197   25 
   5 9 62
 85 2 4  
  974  3 
---------
   3 74  
9    4  8
37     6 
82 9  6  
  12  9 4
 4  38 5 
2 869 7  
 9       
75      6
---------
15 6 3 2 
    4 378
3    8   
51    9  
  2   61 
  43  2  
7358    6
 8     4 
 69   8  
---------
13   6   
     7 62
76 19    
 27 8   3
91       
 8397 254
87     4 
      7  
  6 34   
---------
6  24  1 
 31 65 27
        3
4 758  32
  64    8
 8  1 7  
35    871
8 937  5 
7 2 5  49
---------
9 8 56  4
   8    2
7 39    5
  2  83  
8  7    9
54  61   
15  8  4 
      1 8
      573
---------
9   1   5
 2  531  
   49 8 2
7 25  984
  1  9 5 
 59 27  3
14596 3  
6  1 5  9
  8 7 5  
---------
 4  87 1 
197 5    
 6891 4  
 2 34 87 
  172 34 
4  891   
2   3 7  
6 54  13 
  4    98